109
2 23 23
##start
0 2 4
##end
1 47 47
4 5 8
5 2 9
6 7 4
7 43 48
8 44 46
9 45 43
10 47 41
12 12 2
13 14 3
14 17 3
15 20 3
16 23 2
17 26 1
18 29 1
19 33 2
20 36 3
21 38 4
22 40 6
23 42 7
24 44 9
25 45 11
26 46 13
27 47 15
28 47 17
29 47 19
30 47 21
31 47 23
32 47 25
33 47 27
34 47 29
35 47 31
36 47 33
37 47 35
38 47 37
39 47 39
40 16 1
41 20 1
42 40 3
43 42 5
44 45 7
45 10 8
46 12 9
47 15 10
48 18 12
50 9 11
51 8 14
52 7 6
53 11 6
54 13 14
55 18 8
56 21 10
57 26 3
58 30 4
59 35 6
60 21 7
61 25 7
62 30 10
63 34 13
64 25 12
65 30 13
66 1 9
67 2 12
68 5 15
69 4 18
70 8 20
72 13 18
73 12 22
74 12 25
75 15 23
76 15 26
77 15 29
78 18 27
79 18 30
81 21 14
82 24 17
83 27 20
84 30 23
85 38 34
86 35 23
87 42 23
88 43 33
89 34 34
90 3 39
91 5 38
92 7 38
93 9 39
94 10 41
95 10 43
98 9 45
99 7 46
100 5 46
101 2 41
102 2 43
103 3 45
104 4 44
105 5 43
106 6 43
107 7 43
108 8 44
109 7 41
110 5 41
113 5 44
114 6 44
115 7 44
3 10 2
49 7 2
0-4
0-5
0-6
0-52
0-66
0-49
1-7
1-8
1-9
1-10
4-50
5-51
6-53
7-79
8-89
9-85
9-88
10-39
12-13
12-3
13-14
13-40
14-15
15-16
16-17
16-57
17-18
18-19
19-20
20-21
20-42
21-22
21-42
22-23
22-43
22-59
23-24
23-43
24-25
25-26
25-44
26-27
27-28
28-29
29-30
30-31
31-32
32-33
33-34
34-35
35-36
36-37
37-38
38-39
40-41
42-43
43-44
45-46
45-52
46-47
46-53
46-54
47-48
47-50
47-55
48-51
48-56
48-81
54-72
55-60
56-64
57-58
58-59
60-61
61-62
62-63
63-87
64-65
65-86
66-67
67-68
68-69
69-70
70-73
72-73
73-74
73-75
74-76
75-76
76-77
76-78
76-79
77-79
78-79
81-82
82-83
83-84
84-85
86-89
87-88
90-91
90-101
91-92
92-93
93-94
95-98
98-99
99-100
100-103
101-102
102-103
104-105
104-106
104-107
104-108
104-113
105-108
105-113
105-114
106-108
106-113
106-114
106-115
107-108
107-113
107-114
107-115
108-115
113-114
114-115
3-49
